[gd_scene load_steps=17 format=2]

[ext_resource path="res://Scenes/Player.tscn" type="PackedScene" id=1]
[ext_resource path="res://PlayerKB.gd" type="Script" id=2]
[ext_resource path="res://SpringArm.gd" type="Script" id=3]
[ext_resource path="res://Scenes/AnimationTree.gd" type="Script" id=4]

[sub_resource type="AnimationNodeAnimation" id=2]
animation = "Idle"

[sub_resource type="AnimationNodeAnimation" id=3]
animation = "Jump"

[sub_resource type="AnimationNodeAnimation" id=4]
animation = "Run"

[sub_resource type="AnimationNodeStateMachineTransition" id=5]
switch_mode = 2

[sub_resource type="AnimationNodeStateMachineTransition" id=6]

[sub_resource type="AnimationNodeStateMachineTransition" id=7]
switch_mode = 2

[sub_resource type="AnimationNodeStateMachineTransition" id=8]

[sub_resource type="AnimationNodeStateMachineTransition" id=9]

[sub_resource type="AnimationNodeStateMachineTransition" id=10]
switch_mode = 2

[sub_resource type="AnimationNodeStateMachine" id=11]
states/Idle/node = SubResource( 2 )
states/Idle/position = Vector2( 614, 52 )
states/Jump/node = SubResource( 3 )
states/Jump/position = Vector2( 768, 209 )
states/Run/node = SubResource( 4 )
states/Run/position = Vector2( 451, 214 )
transitions = [ "Run", "Idle", SubResource( 5 ), "Idle", "Run", SubResource( 6 ), "Idle", "Jump", SubResource( 7 ), "Jump", "Idle", SubResource( 8 ), "Jump", "Run", SubResource( 9 ), "Run", "Jump", SubResource( 10 ) ]
start_node = "Idle"
graph_offset = Vector2( -25, -67 )

[sub_resource type="AnimationNodeStateMachinePlayback" id=12]

[sub_resource type="CapsuleShape" id=1]
radius = 0.782137
height = 0.353899

[node name="PlayerKB" type="KinematicBody"]
script = ExtResource( 2 )

[node name="character_duck" parent="." instance=ExtResource( 1 )]

[node name="Head" parent="character_duck/KayKit_AnimatedCharacter_v12/KayKit Animated Character/Skeleton" index="0"]
transform = Transform( 1, 1.97589e-17, -1.00479e-18, -1.97666e-17, 0.995651, -0.093165, -8.40412e-19, 0.093165, 0.995651, 0, 0.711573, -0.00591883 )

[node name="Body" parent="character_duck/KayKit_AnimatedCharacter_v12/KayKit Animated Character/Skeleton" index="1"]
transform = Transform( 1, 0, 0, 0, 0.999965, 0.00831765, 0, -0.00831765, 0.999965, 0, 0, 0 )

[node name="ArmLeft" parent="character_duck/KayKit_AnimatedCharacter_v12/KayKit Animated Character/Skeleton" index="2"]
transform = Transform( 0.000708323, 0.490085, -0.871675, -0.00831013, -0.871642, -0.490073, -0.999965, 0.00759089, 0.00345516, 0.14, 0.691574, -0.00575247 )

[node name="ArmRight" parent="character_duck/KayKit_AnimatedCharacter_v12/KayKit Animated Character/Skeleton" index="3"]
transform = Transform( -0.00498042, -0.483038, -0.875585, -0.342271, -0.821887, 0.455361, -0.939588, 0.301955, -0.161237, -0.14, 0.691574, -0.00575247 )

[node name="HandslotLeft" parent="character_duck/KayKit_AnimatedCharacter_v12/KayKit Animated Character/Skeleton" index="4"]
transform = Transform( -0.999786, -0.000708421, -0.0207002, -0.0207054, 0.0083105, 0.999751, -0.000536349, 0.999965, -0.00832337, 0.409998, 0.211367, -0.00157048 )

[node name="HandslotRight" parent="character_duck/KayKit_AnimatedCharacter_v12/KayKit Animated Character/Skeleton" index="5"]
transform = Transform( -0.975121, 0.213056, -0.0612074, 0.0150843, 0.33925, 0.940576, 0.22116, 0.916251, -0.334023, -0.406117, 0.238779, 0.160601 )

[node name="SpringArm" type="SpringArm" parent="."]
spring_length = 5.0
margin = 0.2
script = ExtResource( 3 )

[node name="Camera" type="Camera" parent="SpringArm"]
current = true

[node name="AnimationTree" type="AnimationTree" parent="."]
tree_root = SubResource( 11 )
anim_player = NodePath("../character_duck/KayKit_AnimatedCharacter_v12/AnimationPlayer")
active = true
parameters/playback = SubResource( 12 )
script = ExtResource( 4 )

[node name="CollisionShape" type="CollisionShape" parent="."]
transform = Transform( 0.934693, -0.355138, -0.0150238, 0.0445877, 0.0752087, 0.99617, -0.352648, -0.931783, 0.0861318, 0, 0.855258, 0 )
shape = SubResource( 1 )

[node name="Area" type="Area" parent="."]
transform = Transform( 3.61408, 0, 0, 0, 5.34885, 0, 0, 0, 3.16443, 0, 0.823376, 0.0452199 )

[node name="CollisionShape2" type="CollisionShape" parent="Area"]
transform = Transform( 0.258626, -0.0982651, -0.00415702, 0.00833594, 0.0140607, 0.18624, -0.111441, -0.294455, 0.0272187, 0, 0.00596052, -0.0142901 )
shape = SubResource( 1 )

[editable path="character_duck"]
[editable path="character_duck/KayKit_AnimatedCharacter_v12"]
